26 5
43 9
59 9
54 9
34 7
31 9
43 2
41 6
40 6
23 7
19 5
13 9
4 7
30 5
32 9
1 9
38 6
24 0
0 9
44 4
7 9
55 2
2 3
1 5
55 1
58 1
8 9
57 5
34 0
36 1
27 0
29 8
4 5
58 6
0 2
21 5
14 5
22 9
3 4
49 4
23 4
27 8
17 5
43 8
5 6
17 7
5 7
4 6
0 6
2 4
15 1
31 1
30 8
46 8
18 7
40 2
22 7
25 5
23 0
22 6
37 3
3 8
53 4
49 6
56 1
11 2
59 8
52 3
6 9
23 3
23 1
51 1
16 6
47 6
3 7
48 1
42 3
0 8
2 9
18 2
37 7
47 4
11 7
2 6
11 1
19 4
19 8
0 3
37 1
15 7
19 7
37 0
15 4
23 2
51 6
6 7
45 4
5 9
50 9
20 2
3 9
22 4
39 5
41 9
39 8
35 1
52 9
51 5
28 4
55 0
2 7
46 5
4 9
33 7
24 9
2 5
54 8
3 6
19 3
52 5
59 4
15 8
24 3
1 2
41 4
53 0
26 9
0 5
13 5
17 0
51 3
2 8
30 3
33 3
5 8
